Ticker,Earning Date
SMFG,2024-02-01
SMFG,2023-11-14
SMFG,2023-07-31
SMFG,2023-05-15
SMFG,2023-01-30
SMFG,2022-11-14
SMFG,2022-07-29
SMFG,2022-05-13
SMFG,2022-02-02
SMFG,2021-11-12
SMFG,2021-07-30
SMFG,2021-05-14
SMFG,2021-02-02
SMFG,2020-11-13
SMFG,2020-07-29
SMFG,2020-05-15
SMFG,2020-01-31
SMFG,2019-11-13
SMFG,2019-07-30
SMFG,2019-05-15
SMFG,2019-01-31
SMFG,2018-11-14
SMFG,2018-07-30
SMFG,2018-05-14
SMFG,2018-01-31
SMFG,2017-11-14
SMFG,2017-07-31
SMFG,2017-05-15
SMFG,2017-01-27
SMFG,2016-11-14
SMFG,2016-07-27
SMFG,2016-05-13
SMFG,2016-01-26
SMFG,2015-11-13
SMFG,2015-07-31
SMFG,2015-05-13
SMFG,2015-01-27
SMFG,2024-05-20
